432252321204928512
900037329056583690
1092456862726770739
906936673378639963
1078647664465432577
1088918308708954123
725505360949018704
1073759862527373443
839594234931839028
994350824518062130
1085544084980113468
922093841044082730
979449035352072212
507631953801904129
1075807369054932992
1063937085788131398
1058128776564854925
1061033310438039582
984550720042860664
680790297822756994
1061301138663677952
936988286977724456
1015358738992988262
1023530060814233663
806545653764849704
814183465913548823
973688800763080814
928795074559610951
1077167965964881992
677495630758805505
905536308376645692
685988582703497226
879807291698864158
792714967898914857
984139167535607939
924703896792891494
722426651782283306
802106217300230154
1059589245741842572
687703025909104715
1061039538752983153
765017710416625744
663834222062207011
882654938772148265
495231028479131664
987488636947804240
918444561980866611
938791552174673941
842664707718774804
792356586990731274
1080892428451590346
1087053201213235200
884767305379237898
1020755562872447056
1077265124911501373
910850818725543936
1034090251867652126
925425439386787870
852933770213589012
854950376034140180
1005139387845202070
1091408183769169953
1064698831024967690
1023669702133813268
973688988391051264
973688505102372905
991798957107855510
906863112362295317
840163900645310486
979342733695156235
659459238598410260
911217032542945310
1057072194959720468
942777530753118238
1090610886181388449
816003733996830770
689098620393488485
1077343528096641094
972874212450660362
793538044459614229
970961336869744680
1084535256415207614
954099876554227712
942155038015504455
745326411581096027
1080894959927959593
702264176042835997
687358646681993241
1037747833186570270
1070492776380239963
777610536237531218
982741517540134923
926877485197590569
1055135762263318599
1051921916799242251
641661414372802562
1019027353487278210
991174799613231164
908389217468571688
829287179641028658
846722357267791892
1018228750187511849
1014247051531395283
971188777114558585
964098640811524129
901412013295665162
832815228424421416
1041313257417359420
384717580218400779
569197176492785674
1085341600957341736
763124738381709382
1092435761686655037
752078350536933397
1084046602781610014
437346321175674881
954398346045444136
1067036766827184191
859838138931216395
1058551079761100890
987050362714337300
1058146140907905045
619056133965086720
1041755564390223872
1075151864426930277
988124577882341487
1087297562828095559
1078354900741783593
909084486392758303
779737090198863893
951046382800756776
717007258990542861
1074932958244393051
969271498869203014
853301271041671209
1067431434140270724
1081368565082509318
914100577095536651
768810144829800448
1087497213636255817
738860290934046810
964450983633629244
1079070144820691046
798622430905630730
1045055643263979530
1077179186684370964
1046143413780746250
937689891540705330
420272135504789504
738860884289388625
990196197241262100
466314048837910548
1039898386716954675
984882501719838781
1067158062760210624
967544414077607946
350624144401891350
1066469260718768138
1022172072350318673
1023154528436113449
1010396793470726194
1024513623965564999
568717082380861440
1031780583568838756
1030216415518658560
1084198471998910675
347079316816920577
691705943288971354
1038513867296350320
1061058183285719151
621055898605060106
696454306907422820
1090926850991198368
775707753024978974
1087503069866119179
899412388506374155
882297855644147793
938075195762171974
529714218090364940
1066076516649283627
914285506303492156
1035913477237248000
653706503743864832
1026163087474163723
336958348589268994
802191363348889601
598609282958753880
1066078380790906971
911208479631491132
1042742285911212033
1078009476625485825
984548840801726565
846700761353945139
1086963988283277322
625312132141154305
722778819999694858
1021877659413790831
1033117075784339487
1077077643574390784
927479710886289408
949016074026901514
1069787585817346118
993846759434489856
739749835019649024
934999602640334869
837773717340684359
947547213834387487
1054605020621975612
1007225024865894440
480427368721154060
589110403338993675
985660114386165882
1068273104771633254
1017871080033108088
678674937153847366
679755722107781360
893556712303370271
922473108617695252
1068542644352987196
1052282568470438091
959838180104896552
984550362516164749
510557164725862400
837888534823567361
1061264304835403866
570194552691097601
799674199966220308
943848928909094982
1061311029751062538
831617324715999243
1010777093195436124
1067503270194585650
602904348724559883
750912692402782390
1091319353980485682
1051274741870239774
785059446639558706
1049422736000294933
1019335816310439946
1012721384172044438
1043858508652748870
992874639942500473
920630272024793118
957248161267740772
1005928653051408545
507993142327377921
541652567868964884
834021267501482044
1059492603898372228
852578575521284179
1056586335965687879
906507543990370324
589205967372025887
1088740470638772234
985660363708182548
1043221078924861450
1043286655320211547
1025211587742662656
696982282539499520
798600097466023966
699684425121923123
1067160011228319744
761633978868039681
1092546308641935510
745225051095171092
1018607299260076082
1080466763193516083
1007993155775369286
970343267071832125
1082375637941092466
1010793611585142835
1063509456392032356
918185568872054794
954420705469034546
776354886647414805
778257570258616351
1062879312329576468
835976555649957948
1043481336700211211
1031078510485327902
694621667976151090
942436705372352522
839055199803801630
940274240186376243
1079853085532377220
294882584201003009
1080578265854525544
1014568688487235605
1012889196492509194
1079500600254922753
1064176550880215193
1065730896646381638
758645735930724362
980588949925937162
1053321277022146630
1068272769118257183
575381140811153418
188508940991070209
1083792915748372530
1018443183052566559
834762687720194098
1033008092360753162
868574355649605652
963884908202311730
463458095700508686
1075809147645341767
832131640381145139
1083511569025081434
328937720518803456
510828755942375444
1015351895126196286
499589712932241419
1030236237124075520
1077101310152818688
1064513200403529798
778254992636510248
973188563413913610
683736648126955534
1090734201067798668
811192903384563743
924427493866360905
559282792966389762
1065555526819250246
1063930739030245477
1011684467691245678
1031078630706647121
947145973178716290
1084571745689817189
854750577035313192
907633635895685121
836168616700674079
803660226535620718
975486597220933663
1073768254536958002
973688537415299092
1086411809478684675
987079166857990254
960561013793632386
1081332075593998486
911791375115235378
1069703671337734224
563811129575342128
860791336369651732
202282076110585858
1026933152163307601
1031141741585244210
771308086836461578
771639770518388747
1000407538333917264
803379407980593200
1056693497727570022
488789674244964354
1060263244951994478
946832768053178488
781668389578997801
774614962156077066
884868612798681161
544896277574451203
868984549122666506
344878090834673664
1041499233339060347
1014650984686960722
738732036877058068
973688588296421427
984550225777668127
1077171858891350078
995370470792773692
1090145353858285598
1015955531510329375
691651127539793980
1078744105615642784
852848273285840946
1070742934896525352
976890351644213258
921452126549467168
1052318349310296064
1037033269771894885
921973676885299213
1031406136039063594
1028404054432415764
1008129051443069038
955976672342077500
612409272520671232
858810265981681664
692772739198615582
844148429835337769
777964087035953152
351791137998241792
893936922282565693
839440201357066271
907691304673230858
775739715461578753
1068962141975089263
1084217690618613880
1079533787710500905
1031078591234048050
1017816737082790040
916767816944848926
1038938705316040846
1046066720013549568
985660114126131250
950114104264233050
1080064279115481128
996325654117236737
917403587770998794
1048846272817274881
1024027970328875149
1005964290429300776
724020835681173604
910851738771275787
414459763321995264
955467532301656094
1014593695556833390
775860920911527936
1065056689860136981
1047064388990947358
1066075049704046702
543447016747958273
1041716732341014530
443779704382685194
927480520248545290
1079239493275635854
1025366829960527883
792710191804186634
834020775785791489
1080724753234530354
851114229473738762
910586205563912232
983311876328935424
513458069750022145
790511696383967233
826131154922504192
966452009823789076
610535963147501568
701061506254766102
828908599723294790
894805285326184448
956643800460165170
1026875665804443768
952286351116615700
986000219294531675
1069580934317342820
943553931735343135
881254852355833856
798989026228961372
1061363214446776370
1077339091156349008
922855088928747570
698204106728276019
985660277645254737
907666290448162818
930914917270315058
999716437339934780
665527532388614159
845338351796224041
1086978548029460562
1049050277631754312
1015966916621369404
511193204247363594
710582280032223263
926501055691374692
569918402706145304
1070719829574692945
977161799289942056
1043451990748954655
493036352552828928
993293981674897408
780889232179724358
1084231589136965682
1067032897074233354
1017877375855366185
1057381022020415528
1012771021717241918
1080970354807283784
994710748477530172
1026851173921206333
877939209078456380
1079872576593068032
1014313899929120889
1031078633533616218
1076245131381985310
1078408560964292629
1035982700160495726
327185059994140672
777969994582720532
1079554771096182964
672158962598150166
1071200888317821058
725673430053158954
369558615641817089
985660711730556938
976825652269445120
999058866023178342
522975808625573898
1085502119525748756
1089231824460455966
1064984075913396224
789000689032232960
783379710809210921
629921087815286792
803586335424118815
951438294388969532
955924645398323221
537621271786029066
783257124666212372
855793930754850836
973688722384097321
813080775758708786
516865749822734347
755184038171377746
981492050866364436
929882090105884713
1066482188234805398
966781691320475708
1023266022070943804
975829871508992020
989944017707999372
1052670039410622564
738663383754211439
487273242453606410
809105340506439682
817468009861218354
1011986558968139889
1080531939129307188
636242256621338654
935131875394093176
477438427554512900
975495764870578197
528154157719486505
839628665474121738
984547704015310849
1062982758781165598
1066750047049482371
982734859711697026
1042540136728100884
981621421283352636
951947751749476392
1081344966493737051
1080157700761067540
1031957021248983061
1079812833874808872
506886302835277824
807281862790873108
1085734588011257856
1050118333875367946
1064734632165244938
700745622424387644
698413293622001664
1066392093385306173
1065142813815230504
839212815452733520
927484786002518056
466275859637207040
987408371663650898
918558029316755457
1079458457536712835
491671175479427073
1055451382318112829
981297745354706964
463277524286439435
439881878690988043
883510782262931477
985132479667138580
941984697586696192
663377827722166300
799527020026527775
806862221573357578
1088208633235505192
388217174638067722
1055251181385039872
1058062493978726510
954810048486445186
442732459159977984
510842462646960138
623590887720747019
1028333020886880277
825132207286255636
1092833335757263000
824376542817812492
1057976327229157407
1085549622874873936
1079094345443070022
713804621256065065
880490288190218260
734341909564358698
951554409723224174
802307741506207754
1066909105664569404
691024211250118768
718443861374009404
717812057310888036
889268153325068349
956549569817219092
671109249564409860
834880601059360829
834446361780027465
1090158192220184598
1041108092944908309
1089644811486773370
980924446397321306
814254427748958271
685427486774788097
1042446722795847772
696636022544662628
858764412512632852
428840062138974208
922163429224104036
991398149165953046
853236042017800193
852943498617421845
214696970663624704
692669335864344607
571454760109080597
918867182589448234
626790319526117387
498230450716803072
831643071250694144
1068231269034496000
884165402727419944
1031078600650272808
1006680738726432871
542408500777844738
948937899905261599
1071552000820514957
1062525435616956466
1081777277156728902
761437334432120842
1086270311835635802
1081488251212267561
557628352828014614
973688953507029015
465838236275834881
855193316370153504
882538323090997249
465775749643894785
1022198634617516132
949702769298796594
650064019364773916
973688574920769547
1038155285849723013
776818497887666177
914554253459210260
743938045434396712
556141238475292673
957018195326292068
1069611175656046592
630479961266061373
675239153910415370
911680415054581811
767104954053427270
932294600062799933
1080579823774220444
660161630319149056
1076979860251099197
540992787181600770
751068253522231336
1054189284522983424
1030748827000512572
447501167040397323
1028339888132726794
1070078752731697324
922763596407144448
843381896402173963
809678230935044096
843208806628720690
997067045193646160
719198214728712233
610898624720666628
1069710461404201042
1028696990781030441
1065318951631986781
927509232633380924
146978081297399809
422442101041790986
901430195632885771
911877448122105877
740673465752879125
788876349736615966
857000187132903445
686126567751024641
876820633051349023
1066767554611249212
1022607336205996133
1083083204195532820
1012320801195835513
918311477151154286
1076311107725164645
586147155396395029
1066124796678643742
492944031966560256
827457033363521546
553181138261114881
985659841047572521
1073690950989254706
672154907985313801
889606257999220806
812957986816262145
1077721605888815187
678332174398914561
1050826767750930462
729275944388264048
483211306602856459
716029733950849047
823667908570906635
1091868107238285352
1079500338727489626
530904958632067094
1031078631897841674
698525210445348904
253575415694753792
620617794429517845
967359807541624873
765980680270118922
1067561164776689715
701104255980798002
1021185472174764072
841418333424713797
910849029527715870
985713156393410610
1056976042864152687
1012001570105327748
741716648108490792
1080473088518529144
1064939189185040444
1048703390089232489
570523751976796161
1023691501852704808
1064476681110294569
934627670539513889
963756962120601600
1063833583824949268
1071143885516058684
328804341488156672
939942382458265632
395296939211620363
761989711299346454
345935514102136832
1084726952096714762
804246844389195786
1068368757770166283
984547670213427250
679760389554045033
1077178226658508800
842452227607756801
992532064115105833
824969558028189726
1008469371485700166
750764025851150448
1040620100404920340
801841834325180434
569616743392215091
1015272477242433606
1078460024109662361
911298322327801867
1081251392498442361
1056615961186291743
1087847536141807746
803940374854500383
707303888008773683
1031078481360080916
994646710800359465
885839827856162816
599043120000401412
1042468307338547212
944281143107272705
821034227205799997
985660213564674128
836321633857830913
482987573740961793
1087682348889415750
709871411891535984
1081574477730693120
1076488974773784576
1076651045318578196
1076645202124603493
935555726070407298
644240588518195210
1073413604210126869
1072724752290037791
812993568947437598
370590059847483402
1067034827964030988
990568439112433716
1067019421706633216
1056712217002778634
1073606247208726601
708007562276110378
835474629467308042
1071566309290164266
474947558351831070
816948690446188566
1047561767288569947
1010820113102033007
946442129553637378
1077173823415271446
850337340350398465
1070424744656130099
513649876567851018
1075545706565226597
895013084660371546
1055125760903495712
1047961591531970580
1056692719331856434
1054476363685445672
631129479871201290
985737452914352148
893205113546604615
216758249049948161
974413101866811464
1071426107678666884
887979943445798914
1074393012777537627
1075103488331227197
1072245389870247997
619620484748673027
997978399274451005
1076654937544601700
1081310814436335646
875632401928294471
1070901325442863285
1014574773587685478
676089204995915778
1016388039930560652
904532357682454588
961277856661508157
1074100122922782810
785811353889538048
